 c = Map(
(f21,5) -> List((2,1,5,27), (2,1,5,25)), 
(f12,7) -> List((1,2,7,21), (1,2,7,22), (1,2,7,23), (1,2,7,24)), 
(f11,5) -> List((1,1,5,32), (1,1,5,35)), 
(f11,3) -> List((1,1,3,13), (1,1,3,43), (1,1,3,23)), 
(f22,4) -> List((2,2,4,32), (2,2,4,33), (2,2,4,36)), 
(f22,7) -> List((2,2,7,52), (2,2,7,62), (2,2,7,72), (2,2,7,82), (2,2,7,92)), 
(f12,4) -> List((1,2,4,17), (1,2,4,23), (1,2,4,17)), 
(f21,3) -> List((2,1,3,44), (2,1,3,45), (2,1,3,46), (2,1,3,47))
)

d = 
List[(java.io.Serializable, List[(Int, Int, Int, Int)])] = 
List(
((f21,5),List((2,1,5,27), (2,1,5,25))), 
((f12,7),List((1,2,7,21), (1,2,7,22), (1,2,7,23), (1,2,7,24))), 
((f11,5),List((1,1,5,32), (1,1,5,35))), 
((f11,3),List((1,1,3,13), (1,1,3,43), (1,1,3,23))), 
((f22,4),List((2,2,4,32), (2,2,4,33), (2,2,4,36))), 
((f22,7),List((2,2,7,52), (2,2,7,62), (2,2,7,72), (2,2,7,82), (2,2,7,92))), 
((f12,4),List((1,2,4,17), (1,2,4,23), (1,2,4,17))), 
((f21,3),List((2,1,3,44), (2,1,3,45), (2,1,3,46), (2,1,3,47)))
)

